Hits: 2165, Total Size: 2810, Percent Hit: 77.046263
CC: 1050
CO: 114
OO: 1115
OC: 531
Fitness: 0.998695
Hits: 765


y = (eccentricity + -0.88461)

 (+ eccentricity -0.88461)
