Hits: 1989, Total Size: 2810, Percent Hit: 70.782918
CC: 1055
CO: 68
OO: 934
OC: 753
Fitness: 0.998698
Hits: 767


y = (eccentricity + -0.87881)

 (+ eccentricity -0.87881)
