Hits: 1675, Total Size: 2810, Percent Hit: 59.608541
CC: 1131
CO: 18
OO: 544
OC: 1117
Fitness: 0.998480
Hits: 657


y = ((eccentricity - 0.86819) / (major + extent))

 (/ (- eccentricity 0.86819)
    (+ major extent))
