Hits: 2184, Total Size: 2810, Percent Hit: 77.722420
CC: 761
CO: 356
OO: 1423
OC: 270
Fitness: 0.998706
Hits: 772


y = ((convex * area) * (eccentricity - 0.89596))

 (* (* convex area)
    (- eccentricity 0.89596))
