Hits: 1953, Total Size: 2810, Percent Hit: 69.501779
CC: 386
CO: 773
OO: 1567
OC: 84
Fitness: 0.998464
Hits: 650


y = log((exp((0.50838 * (-0.71594 + eccentricity))) * eccentricity))

 (log (* (exp (* 0.50838
                 (+ -0.71594 eccentricity))) eccentricity))
