Hits: 1791, Total Size: 2810, Percent Hit: 63.736655
CC: 423
CO: 732
OO: 1368
OC: 287
Fitness: 0.998325
Hits: 596


y = (0.60007 - extent)

 (- 0.60007 extent)
