Hits: 2178, Total Size: 2810, Percent Hit: 77.508897
CC: 955
CO: 168
OO: 1223
OC: 464
Fitness: 0.998758
Hits: 804


y = log((0.11137 + eccentricity))

 (log (+ 0.11137 eccentricity))
