Hits: 1881, Total Size: 2810, Percent Hit: 66.939502
CC: 547
CO: 572
OO: 1334
OC: 357
Fitness: 0.998430
Hits: 636


y = log((extent * (major * -0.00764)))

 (log (* extent
         (* major -0.00764)))
