Hits: 2206, Total Size: 2810, Percent Hit: 78.505338
CC: 868
CO: 238
OO: 1338
OC: 366
Fitness: 0.998736
Hits: 790


y = (eccentricity - exp(-0.11423))

 (- eccentricity
    (exp -0.11423))
