Hits: 2053, Total Size: 2810, Percent Hit: 73.060498
CC: 1136
CO: 8
OO: 917
OC: 749
Fitness: 0.998731
Hits: 787


y = (-0.85792 / exp(((0.64177 * perimeter) + perimeter)))

 (/ -0.85792
    (exp (+ (* 0.64177 perimeter) perimeter)))
