Hits: 2193, Total Size: 2810, Percent Hit: 78.042705
CC: 843
CO: 304
OO: 1350
OC: 313
Fitness: 0.998731
Hits: 787


y = (eccentricity - 0.89384)

 (- eccentricity 0.89384)
