Hits: 2200, Total Size: 2810, Percent Hit: 78.291815
CC: 907
CO: 220
OO: 1293
OC: 390
Fitness: 0.998733
Hits: 788


y = (eccentricity + -0.89002)

 (+ eccentricity -0.89002)
