Hits: 1703, Total Size: 2810, Percent Hit: 60.604982
CC: 120
CO: 1004
OO: 1583
OC: 103
Fitness: 0.998124
Hits: 532


y = ((eccentricity * extent) - 0.69832)

 (- (* eccentricity extent) 0.69832)
