Hits: 2136, Total Size: 2810, Percent Hit: 76.014235
CC: 760
CO: 422
OO: 1376
OC: 252
Fitness: 0.998750
Hits: 799


y = (eccentricity - 0.89684)

 (- eccentricity 0.89684)
