Hits: 2601, Total Size: 2810, Percent Hit: 92.562278
CC: 1041
CO: 100
OO: 1560
OC: 109
Fitness: 0.998924
Hits: 928


y = log((-0.19211 * exp(((-0.66480 * exp(eccentricity)) * perimeter))))

 (log (* -0.19211
         (exp (* (* -0.66480
                    (exp eccentricity)) perimeter))))
