Hits: 1862, Total Size: 2810, Percent Hit: 66.263345
CC: 263
CO: 872
OO: 1599
OC: 76
Fitness: 0.998294
Hits: 585


y = (exp(convex) / ((eccentricity - 0.32481) - extent))

 (/ (exp convex)
    (- (- eccentricity 0.32481) extent))
