Hits: 1889, Total Size: 2810, Percent Hit: 67.224199
CC: 1052
CO: 40
OO: 837
OC: 881
Fitness: 0.998601
Hits: 714


y = ((eccentricity * eccentricity) - exp(-0.26723))

 (- (* eccentricity eccentricity)
    (exp -0.26723))
