Hits: 1114, Total Size: 2810, Percent Hit: 39.644128
CC: 1114
CO: 0
OO: 0
OC: 1696
Fitness: 0.998066
Hits: 516


y = exp((-0.08841 / perimeter))

 (exp (/ -0.08841 perimeter))
