Hits: 2470, Total Size: 2810, Percent Hit: 87.900356
CC: 921
CO: 194
OO: 1549
OC: 146
Fitness: 0.998870
Hits: 884


y = (exp((-0.05646 * convex)) / -0.17739)

 (/ (exp (* -0.05646 convex)) -0.17739)
