Hits: 2180, Total Size: 2810, Percent Hit: 77.580071
CC: 845
CO: 286
OO: 1335
OC: 344
Fitness: 0.998756
Hits: 803


y = (eccentricity - 0.89313)

 (- eccentricity 0.89313)
