Hits: 1846, Total Size: 2810, Percent Hit: 65.693950
CC: 216
CO: 924
OO: 1630
OC: 40
Fitness: 0.998319
Hits: 594


y = ((0.91207 - eccentricity) * (extent - convex))

 (* (- 0.91207 eccentricity)
    (- extent convex))
