Hits: 2208, Total Size: 2810, Percent Hit: 78.576512
CC: 901
CO: 252
OO: 1307
OC: 350
Fitness: 0.998731
Hits: 787


y = (eccentricity + -0.89196)

 (+ eccentricity -0.89196)
