Hits: 2193, Total Size: 2810, Percent Hit: 78.042705
CC: 959
CO: 185
OO: 1234
OC: 432
Fitness: 0.998723
Hits: 782


y = (-0.88842 + eccentricity)

 (+ -0.88842 eccentricity)
