Hits: 1986, Total Size: 2810, Percent Hit: 70.676157
CC: 404
CO: 730
OO: 1582
OC: 94
Fitness: 0.998540
Hits: 684


y = (eccentricity + -0.90589)

 (+ eccentricity -0.90589)
