Hits: 1900, Total Size: 2810, Percent Hit: 67.615658
CC: 1105
CO: 39
OO: 795
OC: 871
Fitness: 0.998580
Hits: 703


y = log(exp((eccentricity - 0.87489)))

 (log (exp (- eccentricity 0.87489)))
