Hits: 2209, Total Size: 2810, Percent Hit: 78.612100
CC: 929
CO: 208
OO: 1280
OC: 393
Fitness: 0.998718
Hits: 779


y = (eccentricity - 0.89000)

 (- eccentricity 0.89000)
