Hits: 2195, Total Size: 2810, Percent Hit: 78.113879
CC: 863
CO: 248
OO: 1332
OC: 367
Fitness: 0.998753
Hits: 801


y = (eccentricity + -0.89188)

 (+ eccentricity -0.89188)
