Hits: 2186, Total Size: 2810, Percent Hit: 77.793594
CC: 948
CO: 195
OO: 1238
OC: 429
Fitness: 0.998739
Hits: 792


y = (eccentricity - exp(-0.11778))

 (- eccentricity
    (exp -0.11778))
