Hits: 2008, Total Size: 2810, Percent Hit: 71.459075
CC: 834
CO: 286
OO: 1174
OC: 516
Fitness: 0.998621
Hits: 724


y = (perimeter - ((log(major) - (-0.03169 * extent)) * minor))

 (- perimeter
    (* (- (log major)
          (* -0.03169 extent)) minor))
