Hits: 1853, Total Size: 2810, Percent Hit: 65.943060
CC: 323
CO: 803
OO: 1530
OC: 154
Fitness: 0.998415
Hits: 630


y = (log((0.65620 * eccentricity)) - log(extent))

 (- (log (* 0.65620 eccentricity))
    (log extent))
