Hits: 1900, Total Size: 2810, Percent Hit: 67.615658
CC: 259
CO: 858
OO: 1641
OC: 52
Fitness: 0.998308
Hits: 590


y = (((minor / -0.70802) - extent) - (minor - major))

 (- (- (/ minor -0.70802) extent)
    (- minor major))
