Hits: 1778, Total Size: 2810, Percent Hit: 63.274021
CC: 412
CO: 747
OO: 1366
OC: 285
Fitness: 0.998379
Hits: 616


y = (log(convex) / ((log((-0.57488 - extent)) / (-0.15959 / eccentricity)) + eccentricity))

 (/ (log convex)
    (+ (/ (log (- -0.57488 extent))
          (/ -0.15959 eccentricity)) eccentricity))
