Hits: 2214, Total Size: 2810, Percent Hit: 78.790036
CC: 924
CO: 231
OO: 1290
OC: 365
Fitness: 0.998724
Hits: 783


y = log((log(-0.89689) - eccentricity))

 (log (- (log -0.89689) eccentricity))
