Hits: 2154, Total Size: 2810, Percent Hit: 76.654804
CC: 1006
CO: 129
OO: 1148
OC: 527
Fitness: 0.998726
Hits: 784


y = ((extent / minor) / (-0.88541 + eccentricity))

 (/ (/ extent minor)
    (+ -0.88541 eccentricity))
