Hits: 2184, Total Size: 2810, Percent Hit: 77.722420
CC: 943
CO: 194
OO: 1241
OC: 432
Fitness: 0.998742
Hits: 794


y = (eccentricity - exp(-0.11778))

 (- eccentricity
    (exp -0.11778))
