Hits: 1870, Total Size: 2810, Percent Hit: 66.548043
CC: 1109
CO: 33
OO: 761
OC: 907
Fitness: 0.998611
Hits: 719


y = ((eccentricity * perimeter) - (minor / 0.22723))

 (- (* eccentricity perimeter)
    (/ minor 0.22723))
