Hits: 2266, Total Size: 2810, Percent Hit: 80.640569
CC: 791
CO: 364
OO: 1475
OC: 180
Fitness: 0.998726
Hits: 784


y = (((perimeter / -0.03569) + convex) - perimeter)

 (- (+ (/ perimeter -0.03569) convex) perimeter)
