Hits: 2104, Total Size: 2810, Percent Hit: 74.875445
CC: 435
CO: 705
OO: 1669
OC: 1
Fitness: 0.998584
Hits: 705


y = ((0.19802 / (exp((perimeter + major)) * perimeter)) / -0.81639)

 (/ (/ 0.19802
       (* (exp (+ perimeter major)) perimeter)) -0.81639)
