Hits: 1918, Total Size: 2810, Percent Hit: 68.256228
CC: 1095
CO: 54
OO: 823
OC: 838
Fitness: 0.998652
Hits: 741


y = ((-0.87639 + eccentricity) / exp(perimeter))

 (/ (+ -0.87639 eccentricity)
    (exp perimeter))
