Hits: 2196, Total Size: 2810, Percent Hit: 78.149466
CC: 921
CO: 216
OO: 1275
OC: 398
Fitness: 0.998734
Hits: 789


y = (log((0.23408 + eccentricity)) + log(eccentricity))

 (+ (log (+ 0.23408 eccentricity))
    (log eccentricity))
