Hits: 2004, Total Size: 2810, Percent Hit: 71.316726
CC: 415
CO: 709
OO: 1589
OC: 97
Fitness: 0.998415
Hits: 630


y = log((-0.09343 - eccentricity))

 (log (- -0.09343 eccentricity))
