Hits: 1928, Total Size: 2810, Percent Hit: 68.612100
CC: 1084
CO: 47
OO: 844
OC: 835
Fitness: 0.998619
Hits: 723


y = ((log(eccentricity) + eccentricity) + -0.74410)

 (+ (+ (log eccentricity) eccentricity) -0.74410)
