Hits: 2201, Total Size: 2810, Percent Hit: 78.327402
CC: 879
CO: 242
OO: 1322
OC: 367
Fitness: 0.998748
Hits: 798


y = (((0.18616 + area) * (-0.89142 + eccentricity)) - -0.48559)

 (- (* (+ 0.18616 area)
       (+ -0.89142 eccentricity)) -0.48559)
