Hits: 1879, Total Size: 2810, Percent Hit: 66.868327
CC: 1130
CO: 34
OO: 749
OC: 897
Fitness: 0.998594
Hits: 710


y = ((eccentricity * perimeter) - (minor / 0.22723))

 (- (* eccentricity perimeter)
    (/ minor 0.22723))
