Hits: 1838, Total Size: 2810, Percent Hit: 65.409253
CC: 370
CO: 760
OO: 1468
OC: 212
Fitness: 0.998258
Hits: 573


y = ((extent + -0.59213) / -0.75926)

 (/ (+ extent -0.59213) -0.75926)
