Hits: 2612, Total Size: 2810, Percent Hit: 92.953737
CC: 1021
CO: 93
OO: 1591
OC: 105
Fitness: 0.998919
Hits: 924


y = (-0.15156 * exp((major / -0.25798)))

 (* -0.15156
    (exp (/ major -0.25798)))
