Hits: 2172, Total Size: 2810, Percent Hit: 77.295374
CC: 758
CO: 372
OO: 1414
OC: 266
Fitness: 0.998729
Hits: 786


y = log((eccentricity + 0.10394))

 (log (+ eccentricity 0.10394))
