Hits: 1565, Total Size: 2810, Percent Hit: 55.693950
CC: 1126
CO: 10
OO: 439
OC: 1235
Fitness: 0.998342
Hits: 602


y = (eccentricity - 0.86410)

 (- eccentricity 0.86410)
