Hits: 1709, Total Size: 2810, Percent Hit: 60.818505
CC: 1094
CO: 21
OO: 615
OC: 1080
Fitness: 0.998532
Hits: 680


y = (-0.86958 + eccentricity)

 (+ -0.86958 eccentricity)
