Hits: 2350, Total Size: 2810, Percent Hit: 83.629893
CC: 1110
CO: 31
OO: 1240
OC: 429
Fitness: 0.998843
Hits: 863


y = ((-0.01306 / exp(((minor + -0.85083) + (major + perimeter)))) * (minor - eccentricity))

 (* (/ -0.01306
       (exp (+ (+ minor -0.85083)
               (+ major perimeter))))
    (- minor eccentricity))
