Hits: 1740, Total Size: 2810, Percent Hit: 61.921708
CC: 593
CO: 534
OO: 1147
OC: 536
Fitness: 0.998311
Hits: 591


y = ((convex - area) + (perimeter * -0.64856))

 (+ (- convex area)
    (* perimeter -0.64856))
