Hits: 2145, Total Size: 2810, Percent Hit: 76.334520
CC: 1012
CO: 139
OO: 1133
OC: 526
Fitness: 0.998741
Hits: 793


y = ((exp(extent) * minor) / (eccentricity + log(exp(-0.88552))))

 (/ (* (exp extent) minor)
    (+ eccentricity
       (log (exp -0.88552))))
